Bisection vs Aitken with (x - 3)**3, with an interval [2.5, 5] with tolerance 1e-05

i                 Bise.                 Aitk.                 Error1                 Error2
0                 3.75                  2.5                                          
1                 3.125                 2.91666667            0.625                  0.4167
2                 2.8125                3.125                 0.3125                 0.2083
3                 2.96875               3.02083333            0.1562                 0.1042
4                 3.046875                                    0.0781                 
5                 3.0078125                                   0.0391                 
6                 2.98828125                                  0.0195                 
7                 2.99804688                                  0.0098                 
8                 3.00292969                                  0.0049                 
9                 3.00048828                                  0.0024                 
10                2.99926758                                  0.0012                 
11                2.99987793                                  0.0006                 
12                3.00018311                                  0.0003                 
13                3.00003052                                  0.0002                 
14                2.99995422                                  7.6294e-05             
15                2.99999237                                  3.8147e-05             
16                3.00001144                                  1.9073e-05             
17                3.00000191                                  9.5367e-06             
18                2.99999714                                  4.7684e-06             
19                2.99999952                                  2.3842e-06             
20                3.00000072                                  1.1921e-06             
21                3.00000012                                  5.9605e-07             
22                2.99999982                                  2.9802e-07             