Bisection vs Aitken
i                 Bise.                 Aitk.                 Error1                 Error2
0                 2.5                   2.33333333                                   
1                 2.25                  2.33333333            0.25                   0.0
2                 2.375                                       0.125                  
3                 2.3125                                      0.0625                 
4                 2.34375                                     0.0312                 
5                 2.359375                                    0.0156                 
6                 2.3671875                                   0.0078                 
7                 2.37109375                                  0.0039                 
8                 2.36914062                                  0.002                  
9                 2.37011719                                  0.001                  
10                2.36962891                                  0.0005                 
11                2.36938477                                  0.0002                 
12                2.36950684                                  0.0001                 
13                2.36956787                                  6.1035e-05             
14                2.36953735                                  3.0518e-05             
15                2.36952209                                  1.5259e-05             
16                2.36952972                                  7.6294e-06             