Bisection vs Aitken with e^(3x - 12) + x cos(3x) - x^2 + 4, with an interval [2, 3] with tolerance 1e-05

i                 Bise.                 Aitk.                 Error1                 Error2
0                 2.5                   2.33333333                                   
1                 2.25                  2.33333333            0.25                   0.0
2                 2.375                 2.33333333            0.125                  0.0
3                 2.3125                2.375                 0.0625                 0.0417
4                 2.34375               2.375                 0.0312                 0.0
5                 2.359375              2.375                 0.0156                 0.0
6                 2.3671875             2.36979167            0.0078                 0.0052
7                 2.37109375            2.36979167            0.0039                 0.0
8                 2.36914062            2.36979167            0.002                  0.0
9                 2.37011719            2.36914062            0.001                  0.0007
10                2.36962891            2.36946615            0.0005                 0.0003
11                2.36938477            2.36962891            0.0002                 0.0002
12                2.36950684            2.36954753            0.0001                 8.138e-05
13                2.36956787            2.36950684            6.1035e-05             4.069e-05
14                2.36953735            2.36952718            3.0518e-05             2.0345e-05
15                2.36952209            2.36952718            1.5259e-05             0.0
16                2.36952972            2.36952718            7.6294e-06             0.0
17                2.36952591            2.36952972            3.8147e-06             2.5431e-06
18                2.36952782                                  1.9073e-06             
19                2.36952877                                  9.5367e-07             
20                2.36952925                                  4.7684e-07             
21                2.36952949                                  2.3842e-07             
22                2.36952937                                  1.1921e-07             
23                2.36952943                                  5.9605e-08             
24                2.36952946                                  2.9802e-08             
25                2.36952947                                  1.4901e-08             
26                2.36952946                                  7.4506e-09             
27                2.36952946                                  3.7253e-09             
28                2.36952946                                  1.8626e-09             
29                2.36952946                                  9.3132e-10             
30                2.36952946                                  4.6566e-10             
31                2.36952946                                  2.3283e-10             
32                2.36952946                                  1.1642e-10             
33                2.36952946                                  5.8208e-11             
34                2.36952946                                  2.9104e-11             
35                2.36952946                                  1.4552e-11             
36                2.36952946                                  7.276e-12              