Secant vs Muller
i                 Seca.                 Mull.                 Error1                 Error2
0                 2.1                   2.0                                          
1                 1.64360626            1.40608515            0.4564                 0.5939
2                 1.44404464            0.96014733            0.1996                 0.4459
3                 1.28080962            0.96719277            0.1632                 0.007
4                 1.18035272            1.0007178             0.1005                 0.0335
5                 1.11341853            0.99966898            0.0669                 0.001
6                 1.07113393                                  0.0423                 
7                 1.04432452                                  0.0268                 
8                 1.02754982                                  0.0168                 
9                 1.01708431                                  0.0105                 
10                1.01058171                                  0.0065                 
11                1.00654855                                  0.004                  
12                1.0040506                                   0.0025                 
13                1.00250469                                  0.0015                 
14                1.00154848                                  0.001                  
15                1.0009572                                   0.0006                 