Newton vs Steffensen
i                 Newt.                 Stef.                 Error1                 Error2
0                 2.0                   0.94252874                                   
1                 1.55555556            0.97897679            0.4444                 0.0364
2                 1.2979066             0.99334208            0.2576                 0.0144
3                 1.1553902             0.99809277            0.1425                 0.0048
4                 1.07956221            0.99948655            0.0758                 0.0014
5                 1.04028844                                  0.0393                 
6                 1.02027681                                  0.02                   
7                 1.01017232                                  0.0101                 
8                 1.00509474                                  0.0051                 
9                 1.00254953                                  0.0025                 
10                1.00127531                                  0.0013                 
11                1.00063779                                  0.0006                 
12                1.00031893                                  0.0003                 
13                1.00015947                                  0.0002                 
14                1.00007974                                  7.9734e-5              
15                1.00003987                                  3.9869e-5              
16                1.00001993                                  1.9935e-5              
17                1.00000997                                  9.9675e-6              